Maria49 31 41 19 15 72 11 78 69
Ana65 29 63 75 4 5 49 75 99
Maria69 62 17 79 61 22 13 49 71
Joao26 81 67 80 47 83 88 30 12
Maria72 33 23 58 83 76 59 77 85
Joao53 98 16 100 79 88 36 53 72
Tiburcio66 39 78 5 15 56 26 62 65
Tiburcio81 63 31 63 68 46 40 46 15
Maria94 47 17 61 8 42 39 64 86
Ana23 44 47 69 25 67 58 57 35
Joao97 0 87 10 11 55 1 7 13
Joao31 65 24 56 72 31 31 52 40
Ana57 16 16 46 32 40 96 59 69
Tiburcio65 26 23 93 22 95 34 84 91
Tiburcio31 40 27 73 5 38 83 70 5
Ana98 1 39 100 68 8 64 90 16
Maria6 32 18 19 19 41 63 100 71
Tiburcio94 48 38 76 74 91 35 53 6
Joao17 19 79 9 28 58 94 100 34
Ana68 35 48 18 83 64 86 44 60
Ana95 19 22 14 12 30 13 35 35
Joao47 29 59 91 71 21 69 39 79
Maria68 28 10 29 25 39 57 81 35
Ana60 49 91 72 52 20 70 23 70
Ana55 95 43 95 41 44 37 73 58
Ana38 32 45 29 18 65 77 9 76
Maria75 93 58 95 32 84 83 5 2
Joao25 50 55 19 84 61 95 19 92
Ana12 55 27 71 90 14 49 73 31
Joao29 25 8 11 72 17 24 49 10
Joao24 39 44 47 34 84 62 87 29
Maria33 76 30 41 55 99 73 91 11
Maria37 29 76 58 56 37 83 27 10
Joao73 53 45 51 50 66 11 82 98
Ana30 30 19 88 1 55 77 56 7
Joao14 36 19 23 11 82 63 72 66
Maria2 11 89 46 93 58 79 2 18
Joao3 65 37 81 38 52 30 62 11
Joao3 59 29 7 84 91 94 36 37
Joao58 27 38 80 35 6 52 80 38
Joao42 16 61 79 16 59 47 0 45
Tiburcio71 65 85 92 50 77 43 57 77
Ana58 22 65 7 4 30 23 49 6
Maria1 54 63 39 34 99 51 63 46
Ana83 82 99 35 83 28 35 43 43
Tiburcio66 37 35 38 69 99 27 70 32
Maria41 66 93 13 70 21 10 56 67
Joao17 88 40 9 48 74 19 98 8
Maria54 94 45 18 47 10 1 83 93
Tiburcio92 65 93 71 11 84 1 33 14
Maria16 20 73 56 85 58 43 18 93
Tiburcio53 79 45 16 23 100 44 95 66
Maria31 0 98 3 0 7 40 41 11
Maria24 13 94 7 55 28 17 98 51
Joao20 21 22 15 45 57 97 36 0
Maria49 95 39 25 67 3 74 19 95
Tiburcio58 68 68 42 70 42 2 66 32
Tiburcio14 68 86 72 55 67 70 99 3
Ana96 31 76 24 97 58 50 25 47
Joao75 28 48 2 9 21 45 48 13
Maria15 75 79 84 28 98 53 65 8
Tiburcio33 52 99 90 14 100 86 72 61
Ana21 57 12 0 78 17 12 50 59
Ana84 89 57 24 27 56 42 29 68
Joao25 14 61 48 45 73 4 17 90
Maria65 51 26 68 48 53 74 19 67
Maria32 62 28 86 78 63 1 11 49
Maria22 1 24 76 8 84 10 97 22
Maria57 28 17 32 79 62 48 90 84
Tiburcio55 43 41 70 6 39 100 60 50
Ana56 9 92 76 18 94 94 21 33
Maria52 21 77 82 15 65 54 81 80
Maria31 19 98 44 99 85 72 91 50
Joao33 46 52 18 0 18 6 89 67
Maria4 16 43 22 78 21 80 94 72
Joao27 64 19 99 80 47 98 76 5
Ana32 82 96 72 18 20 7 56 96
Joao41 81 5 16 19 47 33 63 33
Ana14 27 3 78 26 78 3 27 36
Joao61 60 37 94 16 81 31 87 83
Maria21 89 72 31 4 6 61 50 95
Joao50 53 96 35 72 59 39 25 35
Ana14 18 85 14 55 57 84 28 11
Joao34 56 87 44 31 22 14 90 65
Maria71 1 64 30 12 95 94 42 47
Tiburcio82 72 21 98 70 91 93 77 26
Tiburcio87 91 91 16 37 26 44 48 60
Joao23 34 84 21 48 35 72 20 14
Tiburcio55 1 5 20 13 37 80 15 64
Maria59 99 59 51 60 41 52 42 92
Tiburcio84 11 75 86 25 46 12 79 73
Tiburcio63 62 88 36 16 13 56 89 26
Tiburcio0 40 4 92 87 20 6 62 6
Ana84 23 76 97 46 40 83 45 49
Maria47 85 42 93 56 58 65 38 5
Maria19 16 14 46 36 55 68 38 44
Ana66 60 16 28 52 84 38 86 81
Maria49 52 37 54 76 38 2 35 24
Ana74 94 17 11 56 81 5 5 62
Joao46 56 18 24 45 39 59 78 54
Joao13 75 43 52 82 5 44 27 12
Ana59 43 56 39 20 28 37 69 43
Joao56 34 45 80 28 41 26 54 85
Ana75 81 6 64 41 90 53 50 1
Ana62 2 54 46 45 49 97 14 10
Joao82 18 40 36 39 98 37 19 87
Joao95 79 89 47 51 40 31 72 41
Maria46 51 13 48 11 83 49 12 19
Maria20 15 95 61 59 74 97 16 12
Joao28 34 62 65 96 99 80 40 41
Joao64 17 43 77 96 83 89 58 34
Ana2 97 20 23 70 56 40 0 77
Ana5 67 10 46 68 50 72 57 57
Joao33 41 36 91 60 12 100 62 82
Maria98 94 87 41 84 86 55 43 26
Ana92 17 62 55 76 70 60 8 53
Ana48 46 6 44 50 60 78 40 47
Ana63 32 13 75 6 67 34 37 86
Maria57 39 89 11 97 98 32 23 87
Joao66 16 18 41 91 27 5 11 52
Joao24 83 24 65 34 61 79 36 37
Ana51 58 53 62 70 53 75 54 12
Joao91 63 8 26 68 11 29 7 61
Maria63 40 38 99 73 12 96 52 95
Maria92 5 18 70 24 69 33 93 40
Ana71 54 44 5 40 86 76 83 92
Tiburcio8 64 21 17 40 18 12 8 83
Ana96 17 50 39 20 99 72 1 36
Ana48 85 56 10 61 59 58 88 82
Maria35 91 54 62 82 5 4 90 29
Joao78 1 69 60 26 45 62 43 57
Maria35 58 15 56 44 27 27 18 23
Maria75 52 39 28 15 67 75 5 57
Ana55 8 34 77 62 20 33 91 74
Tiburcio30 90 10 1 22 77 86 69 12
Joao91 67 55 34 22 62 90 90 2
Joao67 63 60 8 88 81 56 97 77
Ana83 47 82 84 84 73 82 74 74
Maria5 46 43 36 91 55 11 2 25
Tiburcio19 63 68 62 95 100 87 99 40
Ana8 38 87 63 30 64 74 41 100
Maria45 33 11 95 40 26 55 16 22
Tiburcio73 59 59 42 54 33 61 57 40
Ana57 72 96 64 48 37 68 90 10
Maria69 82 2 73 90 44 85 84 7
Joao3 71 30 88 74 95 92 24 41
Maria86 53 76 5 57 76 72 33 49
Tiburcio95 67 28 17 49 49 25 20 9
Ana36 38 47 57 66 6 29 3 87
Maria67 24 90 89 50 1 20 68 96
Ana81 42 68 92 8 32 77 41 13
Ana56 79 76 0 27 33 13 68 73
Maria1 51 69 1 49 91 27 55 64
Joao81 95 49 13 82 92 70 68 82
Joao95 17 64 4 63 86 53 60 68
Ana61 62 87 33 95 8 37 39 34
Ana43 5 66 9 11 34 49 38 51
Tiburcio97 36 79 66 98 43 70 85 53
Tiburcio45 12 61 29 65 31 68 63 52
Maria65 6 35 57 94 0 15 8 3
Maria15 99 87 62 52 23 98 62 19
Maria59 22 70 65 31 83 35 89 88
Tiburcio3 19 96 9 66 63 86 37 11
Ana61 96 80 81 62 95 60 22 93
Tiburcio33 67 16 31 73 28 99 64 88
Tiburcio86 47 15 96 38 80 48 51 10
Tiburcio12 41 1 38 16 25 31 72 90
Maria51 69 83 29 8 15 52 19 18
Tiburcio39 9 39 49 18 48 40 21 1
Ana84 91 2 45 50 86 44 31 87
Maria49 54 66 69 34 74 73 19 15
Tiburcio31 68 79 6 86 41 28 40 14
Ana94 62 28 11 84 87 51 83 99
Joao78 27 38 28 96 29 66 28 19
Ana44 53 27 22 80 28 98 74 2
Maria57 48 64 89 44 58 77 100 1
Ana97 59 75 7 8 78 55 12 41
Tiburcio53 91 68 27 54 93 1 0 26
Maria2 80 26 93 54 54 28 32 83
Maria81 16 35 59 28 43 13 66 40
Tiburcio58 90 84 33 21 0 35 35 67
Ana8 63 86 31 52 92 82 83 29
Maria77 73 90 17 59 57 70 92 85
Joao24 37 41 6 55 25 94 81 91
Joao80 57 45 99 56 64 79 38 71
Joao71 64 91 79 11 74 66 49 99
Ana34 71 93 83 49 10 14 33 54
Ana10 66 88 1 1 10 48 97 69
Maria75 39 3 94 58 48 20 100 93
Maria17 55 74 91 3 83 78 52 83
Joao84 50 96 48 7 36 66 6 59
Tiburcio30 93 75 35 14 78 74 63 19
Joao26 50 23 43 76 30 100 5 98
Joao24 71 53 53 94 73 23 77 95
Joao77 85 12 90 1 92 3 77 79
Tiburcio76 98 90 56 34 36 75 30 69
Tiburcio48 95 6 21 15 80 6 100 75
Ana72 43 90 64 21 94 13 25 99
Maria77 27 56 66 25 12 100 60 72
Maria95 36 13 82 53 97 76 75 8
Maria75 9 87 81 6 37 0 64 1
Ana5 74 62 23 26 32 93 32 66
Ana94 93 30 20 30 2 5 22 85
Joao47 80 79 7 30 77 6 94 79
Joao2 90 37 6 12 26 95 26 47
Tiburcio1 82 77 99 100 24 44 43 85
Ana91 15 96 86 8 39 30 35 73
Tiburcio85 30 91 67 30 40 47 72 76
Joao97 45 60 10 20 43 2 5 70
Tiburcio25 10 28 44 39 85 7 90 68
Ana72 44 13 82 0 94 38 94 98
Ana70 76 46 9 40 96 14 99 51
Tiburcio79 86 56 40 88 50 67 66 62
Maria45 16 5 98 13 85 46 34 41
Joao78 21 87 6 80 2 31 30 34
Ana1 40 41 80 67 37 93 29 62
Ana74 18 99 27 79 55 44 82 89
Tiburcio22 22 93 4 88 78 6 15 2
Ana47 78 18 4 96 77 80 53 70
Joao75 99 19 14 52 98 98 48 12
Ana55 16 96 54 94 60 42 67 14
Tiburcio14 42 84 42 34 78 85 31 83
Tiburcio55 75 50 54 73 76 18 38 69
Tiburcio34 4 44 62 9 57 69 50 36
Tiburcio87 84 19 16 62 100 71 5 28
Maria20 100 7 10 21 80 58 7 98
Maria77 85 48 87 86 62 83 78 79
Maria72 67 58 32 6 44 78 34 19
Joao95 39 6 96 53 74 5 87 58
Joao51 32 53 90 37 68 94 4 53
Tiburcio79 30 28 7 70 91 25 53 58
Maria34 26 77 9 94 34 47 16 87
Maria94 89 65 1 70 61 17 32 61
Maria13 67 35 100 50 0 81 43 41
Maria40 76 57 42 40 46 95 60 20
Joao88 12 85 83 47 78 67 7 19
Ana29 48 0 56 99 95 41 10 69
Joao48 44 64 6 18 71 32 98 62
Tiburcio63 19 46 77 35 27 45 56 6
Joao37 95 97 62 68 69 50 82 2
Joao10 77 45 28 71 40 52 19 73
Tiburcio71 56 83 40 70 28 94 73 29
Ana85 97 94 44 76 27 100 35 25
Joao56 83 86 69 96 61 75 60 62
Ana37 70 55 17 6 15 69 13 22
Tiburcio88 75 44 79 8 27 21 80 68
Tiburcio51 26 81 2 91 66 66 49 8
Joao25 56 12 15 98 24 49 82 85
Joao59 19 46 81 67 31 73 4 71
Joao72 55 34 69 21 35 39 90 18
Ana89 38 90 0 80 6 71 20 33
Joao27 77 6 26 71 83 10 56 23
Joao32 91 64 38 80 9 83 1 43
Maria74 92 98 81 83 52 35 30 34
Ana15 23 81 21 13 67 35 5 86
Maria9 97 64 23 93 67 98 69 82
Joao66 97 91 91 28 70 93 64 72
Maria98 20 0 35 52 3 85 58 10
Joao60 54 30 89 79 26 95 45 64
Ana22 91 14 20 56 40 69 7 100
Ana41 27 88 31 65 22 23 36 90
Maria52 99 21 46 44 43 64 88 73
Ana56 34 82 17 7 31 87 58 13
Ana85 49 71 41 42 16 29 75 51
Maria19 90 56 77 51 82 36 85 4
Joao15 75 86 76 81 26 86 76 56
Maria71 80 3 37 15 7 36 41 1
Joao8 10 87 10 6 35 11 25 93
Tiburcio10 32 32 7 43 44 96 73 31
Joao24 79 84 29 56 40 74 72 22
Tiburcio3 34 29 11 35 68 7 96 65
Ana56 20 33 87 29 89 50 86 62
Maria81 66 55 51 99 60 28 80 16
Maria95 32 76 73 58 92 52 92 96
Joao87 100 19 58 44 53 67 75 17
Tiburcio88 43 55 27 76 11 45 69 18
Joao90 83 32 17 98 63 11 25 41
Ana5 97 74 42 96 46 4 75 42
Ana74 11 15 87 82 85 41 55 97
Joao17 81 49 79 73 96 64 20 98
Tiburcio10 76 70 85 7 26 16 57 47
Joao19 77 53 63 55 23 96 7 79
Maria53 55 18 34 11 80 77 23 32
Maria95 0 52 2 25 26 6 57 47
Ana68 54 82 53 74 30 12 52 56
Joao58 74 23 81 76 73 38 3 22
Ana89 24 70 16 44 40 46 43 40
Maria65 57 57 31 52 62 87 42 65
Tiburcio46 62 66 58 13 83 54 12 20
Tiburcio16 54 49 68 10 47 69 56 59
Ana88 78 25 23 48 51 64 31 86
Maria84 54 9 44 33 59 76 36 17
Joao38 67 90 35 28 72 88 29 77
Ana28 36 10 17 5 28 97 92 99
Tiburcio59 6 43 91 4 23 3 36 47
Maria69 65 34 31 61 55 50 17 46
Maria80 79 26 48 4 39 81 11 37
Tiburcio27 3 70 56 79 19 53 86 89
Joao42 5 89 19 71 65 3 22 15
Ana36 38 90 71 39 73 78 4 28
Joao87 32 93 60 56 13 51 42 17
Tiburcio82 37 69 58 89 49 69 64 16
Ana56 69 69 18 56 84 54 24 74
Ana57 39 39 41 27 89 63 14 36
Tiburcio32 61 89 28 99 92 26 90 96
Ana90 31 35 74 67 39 56 59 56
Ana64 95 66 1 85 80 45 16 36
Maria55 33 27 87 71 69 15 41 49
Ana89 92 51 76 40 34 41 87 39
Ana7 68 3 58 74 28 29 18 38
Tiburcio19 62 22 37 5 33 4 91 45
Maria57 41 23 82 39 5 74 61 92
Tiburcio49 93 28 52 38 8 9 97 65
Joao11 84 47 33 7 16 50 49 47
Tiburcio78 38 92 23 12 1 12 47 67
Ana69 42 11 38 20 63 84 29 54
Tiburcio50 20 89 87 75 6 65 2 32
Ana10 22 83 19 28 48 42 94 27
Joao51 18 12 78 56 22 83 80 64
Maria97 35 86 57 59 26 36 61 25
Maria3 51 82 83 23 71 100 23 41
Maria18 73 4 69 53 81 15 98 17
Ana97 38 71 3 79 95 50 51 66
Ana25 81 54 44 80 36 80 93 24
Ana29 18 97 80 44 52 91 77 95
Ana62 4 46 18 83 83 36 63 62
Ana44 64 49 43 100 96 34 5 79
Tiburcio75 65 82 26 44 93 51 48 51
Maria90 76 37 26 75 61 82 61 62
Ana69 87 10 32 18 84 16 85 66
Maria68 67 16 96 44 90 49 77 3
Maria44 92 12 49 35 88 23 93 35
Maria87 79 62 36 5 28 97 84 35
Joao1 46 18 26 65 11 27 15 31
Maria27 81 11 57 88 77 45 89 98
Maria23 96 27 26 39 91 79 10 61
Maria71 48 63 51 73 52 55 21 78
Maria26 71 44 3 94 32 14 72 91
Ana68 45 83 39 6 59 37 61 89
Tiburcio50 87 93 89 12 48 87 50 20
Maria2 27 14 61 61 0 73 59 2
Maria95 27 45 33 15 7 69 17 23
Tiburcio42 29 5 46 1 62 3 60 67
Joao46 70 33 61 76 67 23 44 40
Tiburcio92 68 94 35 34 49 21 21 5
Tiburcio92 10 64 17 44 37 60 5 72
Ana64 7 66 29 67 77 54 2 8
Ana50 85 93 4 100 7 81 68 15
Joao51 0 80 38 4 8 56 63 61
Ana48 100 40 58 23 91 6 41 75
Ana70 10 0 37 2 8 71 43 66
Maria87 63 17 40 38 4 42 28 14
Joao96 80 26 44 28 14 93 36 35
Maria27 75 5 4 25 12 44 81 80
Joao7 34 41 58 76 8 97 92 97
Maria36 72 24 95 85 21 7 75 73
Joao49 55 57 88 9 41 45 64 22
Joao71 34 49 41 7 52 35 3 75
Joao48 8 5 76 100 0 34 69 67
Maria11 81 63 27 2 41 32 12 40
Ana76 46 52 73 94 37 4 65 4
Tiburcio13 90 80 24 67 20 18 21 36
Maria96 26 88 27 6 60 43 95 61
Joao38 31 38 57 47 15 49 38 14
Ana80 54 86 96 19 15 46 20 58
Joao4 67 30 94 73 72 11 43 44
Maria1 46 9 28 34 60 78 28 12
Maria5 61 85 90 42 49 4 80 70
Tiburcio59 17 78 57 17 29 14 87 58
Maria36 50 74 72 11 85 81 93 5
Maria76 56 65 11 70 14 65 37 2
Joao2 26 27 28 75 42 60 67 58
Maria94 28 92 96 19 4 96 29 77
Tiburcio50 5 23 18 23 54 48 36 65
Tiburcio87 78 31 13 95 90 29 54 20
Joao56 78 9 30 44 19 60 41 73
Ana97 52 48 80 78 10 89 50 74
Joao66 39 73 84 30 70 65 78 94
Joao47 23 63 96 29 44 39 96 78
Ana59 19 3 95 59 46 73 16 69
Maria46 4 42 81 46 86 42 62 72
Joao61 59 52 20 64 89 40 1 0
Ana58 84 42 73 34 93 63 42 9
Ana54 44 25 47 96 13 55 85 91
Maria15 11 56 49 26 65 69 84 21
Tiburcio93 35 2 58 41 96 86 75 84
Joao59 69 93 96 49 50 3 41 4
Maria18 24 21 25 60 90 20 79 49
Maria96 25 30 61 8 66 70 97 40
Tiburcio14 61 58 77 93 78 39 94 94
Tiburcio59 2 87 35 87 17 64 86 84
Maria75 7 21 99 32 21 78 72 97
Tiburcio10 97 20 68 75 51 24 83 78
Maria43 92 20 75 82 84 36 17 70
Tiburcio56 89 8 59 89 61 33 20 44
Maria44 16 10 86 2 70 81 38 68
Ana68 82 65 46 28 11 59 68 78
Joao45 28 33 7 8 99 66 27 70
Ana60 67 79 81 47 67 26 30 51
Maria80 74 91 93 79 25 27 1 31
Maria26 81 88 18 38 10 85 23 68
Ana15 5 20 66 98 48 13 19 93
Maria54 33 3 10 21 90 77 84 83
Joao71 100 80 27 20 19 41 3 66
Tiburcio63 45 100 2 46 47 26 91 3
Joao8 92 20 86 44 24 97 80 26
Ana44 38 1 76 63 23 30 14 36
Ana70 24 96 50 76 71 4 42 71
Maria8 45 50 97 77 36 54 40 50
Ana49 33 97 78 28 44 42 88 10
Maria27 38 43 51 38 7 57 83 59
Ana79 50 23 49 59 16 5 33 41
Maria79 81 33 69 96 8 77 67 84
Ana19 24 12 31 26 57 26 20 46
Ana26 40 44 90 92 92 18 25 49
Maria18 44 65 65 10 49 59 72 39
Ana19 8 10 18 2 4 49 3 40
Maria94 5 37 55 88 25 63 1 19
Maria65 100 87 23 22 26 47 6 27
Joao95 14 95 80 87 75 100 92 9
Maria64 48 11 26 91 76 39 0 97
Maria52 4 73 75 78 89 33 65 63
Maria17 39 5 0 28 75 33 90 69
Ana32 37 56 20 75 51 28 81 22
Ana7 33 54 12 14 51 42 94 38
Tiburcio33 91 88 35 10 93 90 11 42
Maria49 51 93 3 39 25 100 74 1
Maria23 77 53 13 13 29 4 52 93
Maria74 60 68 45 30 90 89 93 25
Ana54 43 41 65 26 75 39 80 65
Maria55 42 9 18 42 42 80 87 1
Ana49 60 87 48 34 94 78 58 75
Tiburcio91 62 45 85 30 53 3 26 76
Joao85 56 39 72 83 89 35 55 63
Maria58 30 95 68 55 47 37 34 57
Joao44 11 58 53 74 90 94 69 14
Ana6 4 83 92 72 0 20 45 53
Maria79 35 47 54 45 71 12 64 60
Joao59 82 8 23 17 14 49 73 50
Joao35 45 72 17 60 6 53 16 54
Tiburcio88 3 43 15 10 65 9 45 50
Joao20 62 28 13 92 8 34 32 58
Joao99 52 27 88 5 16 18 6 84
Ana0 59 44 84 57 60 10 11 8
Tiburcio53 51 66 70 33 2 20 22 48
Joao19 68 56 100 37 89 4 84 31
Joao85 18 71 64 21 98 28 65 3
Ana93 80 49 84 56 24 11 21 0
Ana87 17 87 71 70 4 45 28 94
Maria36 25 66 30 49 61 38 14 72
Tiburcio88 97 11 27 89 72 80 22 59
Joao52 49 74 11 5 22 72 33 90
Tiburcio88 86 75 76 7 73 29 45 43
Maria85 24 61 86 89 12 5 0 94
Tiburcio94 79 61 54 22 7 97 56 52
Maria19 8 89 4 44 88 61 26 36
Ana96 50 43 10 69 22 67 76 75
Ana28 20 64 6 30 17 38 53 24
Ana56 38 35 30 94 63 20 41 40
Ana70 46 32 87 48 16 0 57 62
Tiburcio87 56 32 72 62 67 25 97 77
Ana91 18 35 52 40 74 5 43 72
Tiburcio18 71 0 51 93 35 94 24 58
Joao65 61 54 35 34 76 79 69 94
Joao41 12 41 99 71 43 55 49 60
Maria66 83 40 3 83 67 14 73 48
Tiburcio68 82 61 56 4 15 7 73 7
Ana98 71 14 61 99 24 28 44 90
Joao4 88 85 74 44 28 38 56 72
Ana85 40 66 78 4 17 73 36 38
Ana89 63 23 62 44 9 93 45 77
Maria62 31 52 69 39 36 41 81 47
Maria43 78 67 10 16 10 10 82 91
Ana57 60 10 22 42 10 43 60 56
Maria51 5 92 28 90 41 51 15 75
Joao15 68 1 22 52 57 44 57 47
Tiburcio97 99 79 10 90 32 80 36 56
Joao26 90 87 32 15 28 65 4 5
Maria32 10 45 51 30 87 93 18 80
Ana81 58 84 19 2 58 50 73 15
Joao18 67 98 11 15 19 68 18 39
Tiburcio15 27 84 71 8 98 35 71 81
Ana96 85 40 79 85 67 62 92 27
Joao17 0 70 81 76 95 0 69 73
Maria88 37 38 40 63 28 12 33 44
Joao7 41 41 56 38 5 20 34 55
Joao86 18 4 100 31 65 47 67 9
Ana95 8 4 78 51 67 84 84 3
Maria55 50 67 69 18 88 41 59 87
Maria44 53 78 76 42 77 41 59 58
Tiburcio84 89 11 29 29 95 8 66 42
Ana62 96 30 72 24 33 90 100 89
Tiburcio84 32 2 58 77 71 47 2 20
Tiburcio80 24 14 21 63 90 83 2 98
Maria0 11 53 15 95 93 47 60 95
Ana5 28 34 73 82 76 35 73 2
Ana82 5 100 18 50 58 21 70 54
Maria44 71 17 15 29 42 40 100 84
Ana80 17 54 65 62 74 16 66 72
Tiburcio97 78 25 78 40 42 55 87 0
Tiburcio66 60 9 60 93 52 75 59 79
Joao9 37 62 34 36 47 19 88 38
Maria56 19 52 58 46 66 70 75 36
Maria45 95 9 30 3 9 52 65 87
Maria37 90 13 94 48 76 39 49 25
Joao25 11 41 23 55 21 66 47 26
Ana88 89 23 36 45 74 19 64 21
Maria46 58 46 1 89 85 31 46 67
Tiburcio31 82 37 56 71 53 51 98 25
Tiburcio29 13 47 54 48 74 65 90 17
Tiburcio14 16 46 50 57 54 94 51 21
Tiburcio45 20 31 64 83 50 48 38 59
Maria84 64 63 14 78 70 44 99 75
Joao87 16 96 89 77 22 89 40 41
Tiburcio53 82 37 30 33 8 34 80 84
Maria85 62 32 9 59 20 6 69 0
Joao4 48 88 3 82 44 35 87 31
Ana54 6 66 97 40 38 44 48 17
Joao48 45 5 85 92 28 26 76 82
Ana30 31 40 80 25 79 88 43 18
Tiburcio13 19 34 47 71 78 99 24 46
Joao90 26 64 65 93 89 26 68 75
Ana58 49 60 25 94 4 8 64 75
Maria62 95 75 30 58 30 26 84 76
Ana13 1 24 77 38 64 55 41 78
Maria9 52 66 37 86 39 20 4 63
Joao83 44 12 56 73 83 97 60 61
Joao81 40 51 2 7 38 6 1 51
Joao91 36 59 0 15 27 28 33 98
Ana38 29 24 32 33 4 71 92 44
Ana96 59 72 69 1 89 4 45 26
Ana3 11 2 37 62 26 17 6 64
Tiburcio55 22 98 14 34 99 20 0 70
Ana47 12 29 52 82 68 87 43 61
Tiburcio16 46 100 50 83 76 51 84 67
Maria18 51 70 32 61 28 36 29 59
Ana42 56 54 95 88 8 20 23 79
Ana62 90 7 22 56 85 60 93 87
Tiburcio50 73 18 44 77 16 83 74 56
Tiburcio78 70 87 78 26 55 72 63 17
Tiburcio5 0 100 66 70 79 52 88 93
Ana95 19 34 1 76 27 25 7 8
Tiburcio26 78 72 80 2 42 84 4 26
Ana82 91 39 71 71 79 73 24 21
Maria23 69 32 54 72 73 41 36 99
Ana33 50 94 23 58 35 42 45 72
Tiburcio1 4 90 24 48 88 28 51 53
Maria10 74 86 36 69 84 68 35 87
Joao61 71 51 94 74 54 67 12 49
Joao31 37 1 93 51 35 59 27 56
Maria59 46 16 73 6 97 46 81 36
Ana32 65 93 10 94 41 78 38 35
Maria98 44 74 10 78 3 65 90 72
Ana79 80 77 93 31 44 84 37 49
Maria53 86 76 39 45 50 49 75 94
Maria41 52 31 67 0 83 7 5 55
Joao32 21 37 65 61 40 88 26 27
Tiburcio31 61 79 57 67 24 39 78 73
Tiburcio92 84 34 85 2 48 27 44 20
Joao91 11 65 85 67 40 32 7 93
Joao40 41 88 44 80 4 56 78 66
Joao67 16 26 82 21 15 27 61 92
Ana8 71 54 37 39 10 88 37 0
Joao53 49 18 96 66 18 92 46 39
Joao73 19 51 85 86 11 41 23 39
Joao63 87 46 52 5 44 98 17 19
Maria34 61 75 92 1 38 60 89 50
Joao40 43 49 93 41 58 11 83 26
Joao22 46 33 31 77 92 86 66 80
Maria88 83 44 28 51 95 2 55 44
Tiburcio49 3 1 84 61 49 72 16 12
Maria7 20 19 54 31 62 98 99 92
Tiburcio44 58 5 81 79 37 33 54 71
Joao10 38 22 44 82 50 83 98 40
Ana72 90 53 95 40 66 42 23 75
Ana41 48 68 78 97 94 10 32 71
Joao95 100 41 35 46 15 95 15 95
Maria65 36 49 35 31 59 83 76 33
Joao14 82 82 5 21 10 13 66 93
Joao79 24 98 14 46 60 31 68 42
Maria14 84 30 22 44 3 8 63 70
Joao94 64 90 62 30 33 30 84 97
Ana94 70 90 50 4 90 6 68 12
Joao34 33 13 73 22 97 77 97 31
Joao96 3 59 62 56 7 0 36 14
Tiburcio66 75 39 17 32 96 23 7 13
Ana65 15 63 3 61 22 20 0 37
Maria96 77 74 44 5 7 72 13 26
Maria60 85 36 90 62 86 79 9 15
Tiburcio63 83 54 74 47 28 45 61 30
Tiburcio76 34 12 9 4 71 24 79 96
Ana94 88 25 28 73 63 82 54 22
Ana96 95 6 73 18 3 25 55 62
Maria43 3 39 80 70 77 55 71 57
Tiburcio94 60 72 97 82 98 62 93 68
Joao43 57 23 5 12 91 37 93 45
Tiburcio55 78 27 55 89 57 80 77 6
Maria37 2 90 92 36 6 95 30 10
Tiburcio30 93 89 99 2 78 99 5 47
Joao42 68 50 12 76 40 64 97 41
Maria61 79 89 73 71 78 34 82 27
Joao5 84 17 52 74 6 46 46 41
Tiburcio29 11 68 40 1 82 58 64 28
Maria14 38 42 40 52 85 13 99 43
Tiburcio99 77 1 82 21 42 47 81 4
Joao13 88 99 14 46 59 75 37 83
Joao40 39 81 44 0 53 70 27 36
Joao65 11 29 54 83 26 34 22 35
Tiburcio64 95 32 93 75 81 86 68 30
Joao40 77 82 25 4 65 82 90 29
Ana7 82 72 75 23 24 76 10 100
Maria95 20 98 57 74 51 46 3 84
Ana98 67 96 80 86 63 21 60 100
Tiburcio13 91 82 68 80 65 68 76 84
Ana40 76 24 39 26 89 45 50 28
Ana6 74 25 4 6 59 44 32 66
Joao38 65 86 99 65 27 46 65 88
Ana30 16 69 53 77 1 32 66 68
Joao79 91 23 26 48 61 99 78 69
Joao90 84 91 55 3 89 17 32 25
Joao30 64 38 27 67 92 57 93 18
Maria48 24 37 76 13 70 37 36 31
Tiburcio1 95 24 50 29 65 99 23 77
Maria74 1 85 83 72 0 39 29 1
Joao49 84 64 71 38 83 72 51 91
Tiburcio60 13 97 11 35 30 43 73 100
Maria24 6 7 7 84 60 89 31 24
Tiburcio18 17 82 14 16 28 85 57 68
Maria44 63 31 81 87 0 9 47 46
Tiburcio33 81 13 63 21 6 1 37 11
Maria20 91 71 96 78 42 72 81 7
Tiburcio65 62 91 82 3 57 29 5 35
Joao84 25 53 86 28 59 40 97 57
Joao57 70 46 5 24 35 78 98 78
Tiburcio5 67 12 49 63 51 56 87 18
Joao39 20 44 34 91 39 75 87 36
Ana4 17 35 51 54 78 33 29 33
Tiburcio57 63 34 96 63 65 1 60 75
Tiburcio62 49 61 25 9 48 30 25 96
Tiburcio91 95 73 24 41 33 18 40 75
Joao94 61 57 55 36 51 93 22 61
Maria75 40 60 75 54 65 41 68 71
Ana18 0 23 42 48 22 68 33 9
Tiburcio28 83 22 61 100 46 7 34 7
Joao65 52 42 71 89 29 99 0 81
Maria2 23 11 27 11 60 56 78 34
Tiburcio44 76 70 28 81 67 32 57 34
Ana69 14 89 51 47 15 43 34 65
Joao32 70 71 12 59 68 78 45 31
Maria9 4 63 84 3 35 78 80 65
Tiburcio10 46 49 37 91 15 18 95 19
Maria79 99 69 64 17 65 57 38 66
Maria44 61 0 0 95 48 4 82 45
Tiburcio44 59 5 89 41 31 58 63 31
Maria99 89 3 77 0 93 82 49 83
Maria67 69 47 71 51 19 29 6 16
Ana87 84 55 67 3 66 69 72 2
Tiburcio1 9 82 75 77 83 21 21 21
Tiburcio93 98 35 39 25 91 32 60 0
Tiburcio44 11 8 71 93 33 23 31 3
Joao95 47 62 81 94 55 43 4 84
Tiburcio25 64 50 57 28 76 40 4 14
Tiburcio33 57 32 40 56 56 87 17 30
Joao32 24 92 53 74 2 29 58 93
Joao16 55 89 3 19 84 26 49 95
Joao73 68 57 75 8 32 3 35 12
Tiburcio4 83 12 99 20 78 53 75 62
Ana12 62 3 34 85 98 5 67 49
Joao7 40 44 38 36 88 58 57 56
Maria22 9 37 93 34 77 98 60 55
Maria93 0 19 68 36 43 22 39 58
Joao62 17 30 41 33 56 91 83 24
Joao25 98 30 12 86 29 14 44 68
Tiburcio75 73 24 58 17 1 38 10 94
Ana57 71 73 36 38 98 61 14 5
Maria74 71 39 58 25 43 3 59 41
Maria12 47 48 78 67 54 64 88 71
Maria75 22 10 70 72 80 92 100 11
Tiburcio38 2 28 56 19 23 19 61 84
Tiburcio50 15 18 35 77 24 90 30 5
Ana95 4 28 74 29 62 7 84 2
Maria56 93 79 17 6 33 90 26 63
Tiburcio86 85 31 19 100 38 5 46 77
Joao71 39 50 53 11 99 54 24 57
Tiburcio28 86 94 67 14 90 49 49 58
Maria41 0 17 32 15 75 6 67 80
Maria48 46 72 17 8 44 65 89 61
Tiburcio51 46 14 62 60 57 18 25 32
Ana1 31 26 89 16 17 92 22 12
Ana23 32 37 7 89 21 56 90 79
Maria70 90 26 20 83 47 38 47 57
Maria6 36 99 66 99 82 69 36 2
Ana37 57 95 68 35 13 25 81 51
Ana11 97 50 52 75 16 94 55 73
Tiburcio22 72 77 47 44 97 78 37 32
Maria97 83 64 36 100 85 95 68 76
Ana17 90 9 89 22 59 34 64 78
Maria19 78 99 96 30 93 12 42 71
Maria49 25 82 32 69 20 76 11 67
Tiburcio55 79 26 96 94 67 7 50 23
Tiburcio45 10 94 51 19 98 11 35 58
Maria89 91 56 67 12 85 5 21 68
Ana11 13 78 12 89 44 94 47 85
Ana2 64 97 92 52 12 3 58 100
Joao42 14 98 44 6 72 28 50 74
Joao57 68 46 70 82 95 33 39 78
Maria42 46 86 31 15 23 73 12 78
Joao79 92 29 63 39 53 42 51 37
Maria2 90 64 60 33 47 37 81 64
Joao88 34 79 49 4 93 52 15 78
Tiburcio92 52 18 39 45 53 34 31 8
Ana6 47 20 53 23 18 20 36 84
Maria34 38 63 85 63 15 11 8 74
Tiburcio27 99 26 72 9 37 15 4 94
Ana51 80 31 32 41 60 23 65 42
Tiburcio48 20 57 51 69 83 67 97 84
Tiburcio61 58 88 87 39 23 57 22 79
Joao90 14 98 45 60 61 1 76 68
Maria93 40 8 27 66 12 99 60 29
Maria47 67 79 30 94 3 9 93 12
Maria77 49 28 64 21 78 15 33 33
Ana47 72 74 83 94 68 11 79 74
Ana75 39 3 46 63 6 63 25 42
Ana8 81 42 86 22 7 27 57 60
Maria52 38 48 42 72 73 26 31 23
Joao3 89 31 90 31 51 84 59 2
Joao56 55 73 66 59 71 10 52 41
Ana90 58 72 94 79 91 86 10 37
Maria13 38 20 49 97 73 53 42 40
Ana33 6 30 75 38 86 54 67 58
Joao67 100 54 98 16 19 26 91 73
Joao58 14 37 73 33 40 34 55 87
Tiburcio14 34 7 11 90 34 0 78 81
Ana0 42 0 58 8 12 74 4 15
Tiburcio92 99 70 29 31 89 98 24 40
Maria16 13 32 93 91 48 61 27 59
Tiburcio85 17 4 74 92 60 77 21 17
Maria80 12 36 28 39 88 62 40 74
Ana68 61 65 32 96 27 76 76 11
Ana13 19 97 12 63 50 53 43 52
Joao7 62 71 15 54 77 57 42 75
Ana71 100 35 23 4 87 21 70 44
Ana94 55 46 22 50 38 35 80 57
Tiburcio95 31 66 98 96 13 25 73 62
Tiburcio27 55 79 70 68 18 29 83 18
Tiburcio12 71 64 100 7 81 46 93 16
Maria61 10 76 54 33 68 72 79 55
Joao57 69 62 42 96 41 26 79 80
Ana52 41 15 25 79 82 45 16 44
Joao96 32 10 55 61 43 50 0 32
Tiburcio2 42 92 68 26 8 23 43 48
Joao17 33 15 69 28 93 42 11 32
Tiburcio58 35 12 76 69 98 67 40 86
Ana60 33 15 7 50 67 88 26 40
Joao74 12 15 11 79 78 99 52 60
Ana38 19 80 83 9 75 65 92 88
Tiburcio80 63 84 90 4 10 58 66 7
Ana88 8 73 3 87 43 70 5 97
Ana68 49 73 59 81 63 44 63 95
Ana53 64 1 70 6 100 66 45 16
Joao8 13 63 25 17 40 64 81 13
Joao80 43 70 16 2 38 48 40 5
Joao71 53 72 16 83 65 28 31 74
Joao77 60 51 43 44 86 45 15 68
Tiburcio46 87 74 68 87 92 17 63 73
Ana74 28 45 87 5 57 96 65 11
Tiburcio36 39 34 86 22 81 83 23 67
Joao63 80 44 73 68 91 17 67 80
Tiburcio38 13 65 63 4 97 56 57 76
Ana2 92 86 99 87 72 63 95 87
Maria99 67 30 68 4 83 98 56 53
Ana73 97 32 26 85 50 27 44 99
Maria68 52 0 58 48 67 93 76 83
Joao57 58 28 22 9 31 25 99 13
Maria88 34 97 65 27 76 45 68 63
Ana11 84 90 60 73 36 87 18 32
Ana78 62 16 88 34 86 68 18 96
Tiburcio55 43 73 52 6 92 56 91 52
Ana76 67 82 81 16 53 40 81 91
Ana63 16 52 61 31 27 9 89 92
Joao34 10 31 61 40 82 66 100 21
Tiburcio88 78 97 60 69 86 35 74 17
Ana87 64 63 47 30 76 41 84 44
Tiburcio47 18 56 33 62 3 2 41 1
Joao24 93 83 52 9 37 65 43 18
Ana59 93 65 63 63 50 22 17 74
Maria38 4 17 29 96 71 74 68 0
Maria0 86 53 1 34 0 82 46 12
Tiburcio56 70 57 49 80 94 81 80 33
Maria16 24 43 93 0 30 43 57 7
Maria73 28 62 97 80 32 84 85 73
Maria28 19 43 65 52 66 82 3 1
Tiburcio82 83 82 89 87 83 28 47 17
Maria45 29 68 5 56 60 48 4 66
Tiburcio98 17 55 42 19 63 65 99 64
Joao85 42 52 16 97 51 8 12 49
Maria22 43 22 15 37 99 38 33 92
Joao1 3 38 87 96 55 28 40 83
Maria50 10 69 5 88 5 5 83 51
Joao1 15 27 68 52 95 46 74 54
Maria73 75 40 34 95 99 3 57 87
Tiburcio7 78 87 20 52 84 32 56 64
Tiburcio97 60 19 9 46 44 61 1 83
Ana63 33 8 21 100 10 85 60 99
Ana28 35 76 83 92 28 88 66 15
Joao97 32 17 12 53 28 76 88 45
Joao18 49 46 77 86 60 58 89 37
Ana34 46 8 91 25 55 7 5 51
Joao62 6 44 52 18 36 78 82 64
Joao35 3 83 97 34 47 46 2 78
Tiburcio20 99 3 61 7 2 100 0 87
Ana65 97 71 94 32 70 8 94 16
Maria27 11 65 33 40 24 43 99 27
Ana70 29 23 64 38 46 91 90 73
Joao43 54 33 55 31 32 97 23 99
Joao98 18 53 50 25 19 97 32 35
Ana60 73 60 87 58 98 35 5 72
Tiburcio59 32 8 49 4 80 21 64 30
Maria65 41 68 29 62 65 10 60 64
Ana85 15 61 61 6 37 27 94 87
Maria45 0 30 47 29 35 97 59 88
Tiburcio49 70 30 36 1 0 91 54 93
Maria88 71 91 68 57 99 6 97 11
Joao89 10 11 35 21 5 9 11 85
Maria68 84 14 13 0 9 80 89 16
Joao96 93 40 18 87 13 63 3 47
Ana29 88 94 45 50 30 42 53 56
Ana70 24 97 42 7 20 26 89 24
Tiburcio21 86 67 47 95 1 70 7 69
Tiburcio97 14 53 100 99 93 8 52 62
Maria56 69 44 22 69 15 65 48 92
Ana44 38 34 0 75 75 11 24 61
Joao18 34 14 31 96 47 95 62 21
Maria49 19 18 71 18 69 75 68 54
Maria28 91 22 55 2 1 88 38 85
Tiburcio75 21 27 2 31 59 48 50 21
Tiburcio43 23 73 17 99 64 59 55 61
Ana32 5 28 48 1 86 20 32 19
Tiburcio23 54 67 7 49 61 8 100 51
Maria34 71 34 2 37 70 62 8 24
Ana30 21 40 23 45 37 30 80 72
Joao57 90 57 95 54 92 51 84 44
Ana3 32 41 28 13 57 41 68 23
Joao78 47 69 59 98 47 93 13 77
Maria92 25 65 12 92 80 13 40 33
Tiburcio23 30 51 11 100 10 45 88 8
Joao24 80 47 21 3 20 0 55 2
Joao28 38 58 20 8 11 59 69 16
Maria44 68 4 76 47 79 69 46 83
Maria2 86 2 33 14 79 32 82 100
Joao1 97 17 16 32 60 84 56 41
Tiburcio1 10 36 1 88 84 58 11 1
Maria81 96 27 89 61 91 64 37 76
Joao10 77 95 85 21 89 29 54 12
Tiburcio84 6 96 14 2 38 91 30 85
Tiburcio26 66 98 82 94 60 61 49 38
Joao2 7 77 19 83 63 25 78 64
Joao67 36 25 67 84 54 40 81 4
Maria89 61 88 82 9 54 60 87 32
Joao54 16 45 7 98 46 18 100 67
Ana42 75 89 98 75 26 11 67 56
Ana85 71 48 20 20 38 16 0 8
Joao20 63 25 22 28 97 87 24 76
Tiburcio61 38 69 77 76 41 20 76 34
Tiburcio38 72 23 95 25 39 49 54 95
Joao75 16 96 28 35 61 60 60 7
Maria42 37 45 66 85 40 16 51 9
Tiburcio54 5 76 33 60 24 53 18 48
Maria9 82 49 28 8 54 67 46 54
Maria61 18 55 20 99 5 96 96 83
Ana36 4 73 13 88 93 57 64 31
Joao58 8 51 97 37 62 2 65 90
Ana40 28 10 73 88 15 67 46 10
Joao55 60 83 22 93 53 8 62 80
Tiburcio3 72 80 36 80 84 36 56 5
Joao55 9 24 93 43 29 68 84 75
Joao3 93 1 56 66 10 1 99 87
Tiburcio10 53 12 31 21 87 39 11 89
Ana32 50 26 72 25 11 84 21 6
Tiburcio11 61 51 17 34 41 61 16 26
Joao56 25 37 42 17 91 17 21 4
Tiburcio10 40 16 29 83 14 73 35 98
Tiburcio82 16 1 49 79 59 81 38 62
Joao61 68 11 80 62 50 3 76 7
Maria43 35 70 28 47 92 74 86 52
Ana56 23 24 75 80 88 87 51 5
Maria79 81 51 2 28 96 43 22 66
Tiburcio14 81 8 26 31 7 14 33 33
Ana62 25 33 27 94 53 20 52 69
Maria28 73 23 20 4 5 100 10 41
Tiburcio33 72 92 19 94 52 13 47 59
Maria46 22 46 17 89 77 43 7 30
Joao52 96 27 95 50 21 84 82 62
Ana39 46 84 25 1 87 45 19 56
Joao94 26 45 57 51 49 72 7 85
Maria74 100 68 80 56 41 3 28 96
Maria59 76 40 15 46 14 16 7 59
Ana79 86 71 88 53 49 85 8 34
Tiburcio57 98 67 91 48 89 38 8 34
Joao46 24 30 89 93 35 3 25 17
Ana87 88 53 15 94 12 47 77 45
Joao39 64 60 75 59 77 19 38 18
Ana6 5 93 36 20 31 66 61 8
Ana57 88 15 87 96 15 57 83 24
Tiburcio2 48 53 8 37 98 81 89 59
Maria84 63 88 53 59 74 23 30 52
Maria33 2 70 42 40 70 26 72 34
Joao56 11 85 19 46 80 93 66 33
Joao75 23 93 21 61 64 61 80 28
Maria56 31 83 39 30 48 27 25 58
Ana93 89 79 48 22 73 78 91 51
Maria76 68 9 65 29 72 83 80 7
Tiburcio49 50 55 85 72 4 8 57 73
Ana77 35 21 0 27 55 37 87 34
Ana42 98 91 42 0 83 48 53 32
Tiburcio77 46 13 56 60 69 76 66 87
Ana6 23 81 0 75 92 15 59 76
Maria86 54 39 37 88 33 57 74 77
Joao17 8 36 8 85 93 55 89 64
Ana71 99 26 5 47 78 85 60 10
Joao78 31 42 84 43 33 59 77 20
Ana96 31 91 7 34 48 26 84 12
Maria34 5 80 79 61 6 4 54 62
Maria15 25 29 69 74 49 62 79 81
Tiburcio10 73 65 98 77 58 5 71 29
Tiburcio96 49 68 49 1 17 10 58 92
Joao19 2 74 94 96 92 82 6 40
Joao71 15 27 49 94 50 63 61 10
Tiburcio76 52 29 47 32 75 63 13 52
Maria88 8 31 25 67 38 12 84 96
Joao45 82 63 48 65 38 27 50 15
Maria80 19 27 48 53 77 7 29 8
Maria52 7 42 37 35 90 36 43 46
Ana96 59 73 18 73 26 54 3 27
Ana67 56 64 80 42 64 6 32 92
Joao52 58 22 99 93 89 11 53 49
Tiburcio30 60 15 95 88 39 76 4 77
Joao54 35 80 55 83 22 5 5 44
Ana32 98 92 41 59 41 75 29 57
Tiburcio54 63 91 71 11 38 81 77 42
Joao71 55 53 55 58 38 21 9 100
Tiburcio24 59 88 73 98 75 54 80 97
Joao16 2 86 94 49 12 34 4 29
Joao50 28 66 29 100 88 17 98 20
Joao75 90 27 24 72 26 33 19 62
Maria78 8 63 13 47 73 15 52 16
Maria60 21 40 30 57 12 62 93 78
Ana71 39 11 75 100 68 32 62 22
Tiburcio0 93 74 75 73 19 91 54 87
Joao99 60 20 50 66 48 71 18 100
Maria98 37 64 95 50 73 34 73 79
Ana71 3 24 28 47 97 51 66 76
Tiburcio39 26 52 91 95 46 58 76 74
Joao85 73 68 50 8 37 41 43 81
Maria92 35 79 50 48 21 58 26 30
Joao48 47 73 16 71 17 19 14 26
Ana66 61 7 72 3 61 87 57 74
Ana44 12 82 16 31 45 39 43 53
Joao79 68 7 61 69 75 5 54 65
Maria87 20 30 9 91 77 21 99 21
Joao58 52 32 6 11 70 48 42 27
Joao35 50 47 43 16 63 50 15 67
Joao50 51 67 53 75 10 17 41 12
Ana84 4 61 8 67 41 45 37 4
Maria47 50 13 99 100 8 52 85 93
Ana55 55 4 72 76 32 51 66 5
Ana87 86 60 75 65 100 61 86 68
Maria81 0 77 25 35 2 11 64 63
Maria39 83 84 24 71 18 32 1 93
Ana67 2 31 10 18 75 53 76 81
Joao5 48 46 74 98 41 18 40 6
Ana6 62 53 11 79 37 22 61 96
Ana86 35 99 36 37 77 26 89 23
Joao28 87 33 59 90 97 92 20 52
Ana72 36 35 88 3 46 22 79 35
Joao46 39 22 46 86 32 91 3 21
Ana6 63 90 14 30 65 11 59 90
Maria95 75 6 47 67 64 1 88 15
Joao22 59 69 42 69 33 88 55 6
Joao35 93 21 47 25 60 79 18 95
Ana48 60 35 31 59 19 40 88 35
Tiburcio48 31 10 78 82 82 38 82 71
Ana84 47 16 80 34 59 82 6 17
Joao40 2 87 20 39 33 64 48 76
Maria18 53 11 90 35 43 58 50 60
Joao46 86 69 14 3 35 36 81 43
Maria47 75 73 30 7 85 100 58 25
Ana65 48 27 1 15 46 7 74 53
Tiburcio78 76 37 47 76 73 68 66 51
Maria27 57 24 53 81 20 12 34 0
Tiburcio47 23 12 50 17 22 25 87 81
Ana31 69 44 85 54 44 80 50 5
Joao61 26 57 12 85 68 59 83 41
Maria27 52 46 20 72 97 33 61 88
Maria97 23 63 75 16 37 26 71 14
Ana13 23 15 85 73 79 86 43 97
Maria41 54 50 76 77 29 51 12 84
Ana12 2 57 42 83 83 53 56 0
Ana88 11 23 29 0 73 49 7 10
Tiburcio9 86 69 19 3 16 25 61 13
